       309

Co     14.8849     14.7534     14.7685           0
Co     16.9666     14.8532     13.4789           0
Co     17.0007     14.7768     16.0308           0
Co     12.7782     14.7465     13.5135           0
Au     12.6702     14.7745     16.0828           0
Au     13.5028     16.8704     14.7418           0
Au     16.1870     16.8729     14.8326           0
Co     13.5281     12.7235     14.7680           0
Co     16.1555     12.7148     14.7231           0
Au     14.8805     13.4823     16.8904           0
Co     14.7846     16.1470     16.9211           0
Co     14.9361     13.5313     12.7082           0
Co     14.8631     15.9875     12.6825           0
Co     19.1049     14.9526     12.1995           0
Co     19.2072     14.9305     14.7188           0
Au     19.2266     14.8615     17.3999           0
Au     10.5595     14.8110     12.2995           0
Co     10.4695     14.8242     14.8255           0
Au     10.4161     14.9197     17.4852           0
Au     12.1083     19.0495     14.8201           0
Au     14.8228     19.2558     14.7952           0
Co     17.5103     19.1547     14.8208           0
Au     12.1029     10.5735     14.7887           0
Au     14.8847     10.4713     14.7991           0
Au     17.5930     10.4481     14.7292           0
Au     14.7877     12.0764     19.2223           0
Au     14.7554     14.8714     19.2434           0
Co     14.7786     17.5345     19.1289           0
Au     14.9872     12.2648     10.4556           0
Co     14.8738     14.8176     10.4942           0
Au     14.8873     17.3363     10.5601           0
Au     17.1195     13.4408     18.4150           0
Au     16.9812     16.2166     18.2824           0
Co     17.0014     13.5937     11.3162           0
Co     17.0521     16.1028     11.3493           0
Au     12.4427     13.4391     18.4469           0
Au     12.6062     16.2747     18.4096           0
Au     12.6866     13.5720     11.2791           0
Co     12.7091     16.1656     11.4370           0
Co     18.3809     16.9723     13.4302           0
Au     18.4489     17.1027     16.0762           0
Co     11.2986     16.9374     13.4769           0
Co     11.2345     16.9703     16.1252           0
Au     18.3527     12.7543     13.4012           0
Au     18.4104     12.6206     16.1167           0
Co     11.3021     12.6830     13.5180           0
Co     11.2347     12.6738     16.1073           0
Co     13.4350     18.3579     16.9735           0
Au     16.0772     18.4497     17.0776           0
Au     13.3190     11.2250     17.0570           0
Au     16.2949     11.1796     17.0119           0
Co     13.5158     18.2514     12.5930           0
Au     16.2295     18.2737     12.6358           0
Au     13.5001     11.3780     12.5884           0
Co     16.2266     11.3345     12.5983           0
Au     21.2791     15.0373     10.8506           0
Co     21.4005     14.9791     13.4853           0
Co     21.4178     14.9697     16.0977           0
Co     21.3385     14.8936     18.8635           0
Au      8.3514     14.8018     10.9028           0
Co      8.3144     14.8524     13.5373           0
Co      8.3025     14.8837     16.0807           0
Co      8.2894     14.8972     18.7965           0
Au     10.7338     21.2857     14.7481           0
Au     13.4427     21.5454     14.8018           0
Au     16.1707     21.5692     14.7914           0
Au     18.9089     21.3176     14.8096           0
Au     10.7613      8.2813     14.8220           0
Au     13.5028      8.1146     14.8545           0
Co     16.3018      8.1962     14.8490           0
Co     18.9318      8.3450     14.8549           0
Co     14.8213     10.7801     21.3990           0
Au     14.8053     13.4434     21.5693           0
Au     14.7538     16.2879     21.4958           0
Co     14.8286     18.8926     21.2393           0
Co     14.8957     10.8998      8.2744           0
Co     14.8736     13.5914      8.2584           0
Co     14.8680     16.1358      8.3309           0
Co     14.8290     18.7433      8.4455           0
Co     19.2896     13.5002     19.7624           0
Co     17.0434     12.1143     20.5907           0
Au     19.2852     16.2348     19.7787           0
Au     17.1433     14.7821     20.8060           0
Au     17.0155     17.6759     20.5577           0
Au     19.1303     13.6144      9.9078           0
Co     17.0777     12.2107      9.0324           0
Co     19.1103     16.2668     10.0009           0
Co     16.9607     14.9057      9.1296           0
Co     17.0470     17.4797      9.2071           0
Co     10.2892     13.5233     19.8327           0
Au     12.4785     12.0553     20.7055           0
Co     10.3539     16.2149     19.7555           0
Co     12.4604     14.8942     20.7475           0
Co     12.6041     17.6046     20.5987           0
Co     10.4750     13.4790      9.9064           0
Au     12.6273     12.1858      8.9891           0
Au     10.5157     16.1717      9.9741           0
Co     12.7321     14.8779      9.0253           0
Au     12.6748     17.5209      9.1823           0
Co     19.6418     19.0996     13.5043           0
Co     20.4812     17.0739     12.1888           0
Co     19.7391     19.2699     16.1801           0
Co     20.6269     17.0648     14.7438           0
Au     20.6716     17.1505     17.5068           0
Co      9.9320     19.0624     13.4026           0
Co      9.1609     17.0222     12.1718           0
Au      9.7823     19.1277     16.1332           0
Co      9.1159     16.9626     14.7532           0
Co      9.0550     17.0273     17.5003           0
Co     19.8422     10.4769     13.4917           0
Au     20.6881     12.7216     12.1059           0
Co     19.7857     10.4063     16.2124           0
Au     20.7853     12.7410     14.8387           0
Au     20.6525     12.6230     17.6290           0
Co      9.9065     10.5634     13.4004           0
Co      9.1830     12.6381     12.1517           0
Au      9.8506     10.4672     16.2119           0
Co      9.0883     12.6961     14.7535           0
Au      9.0476     12.6731     17.5483           0
Au     13.5169     19.7555     19.1416           0
Co     12.1263     20.6119     16.9830           0
Co     16.1836     19.8079     19.2167           0
Co     14.7703     20.7577     17.0538           0
Au     17.5484     20.6458     17.0879           0
Co     13.4183      9.8364     19.2897           0
Co     12.0647      8.9808     17.0913           0
Au     16.2799      9.8580     19.3392           0
Au     14.8276      8.8610     17.1548           0
Co     17.6650      9.0109     17.0202           0
Co     13.5260     19.6243     10.5142           0
Au     12.1779     20.4609     12.5282           0
Au     16.1725     19.7255     10.3817           0
Co     14.8170     20.6358     12.5331           0
Au     17.5659     20.5906     12.5640           0
Au     13.4773      9.8897     10.3185           0
Au     12.0469      9.0478     12.5058           0
Au     16.2788      9.8806     10.3410           0
Au     14.9615      8.9073     12.5721           0
Co     17.6206      9.0943     12.6159           0
Co     18.5179     11.2132     18.4997           0
Co     18.4840     18.5183     18.4105           0
Au     18.4642     11.2382     11.1798           0
Co     18.4413     18.3234     11.2778           0
Co     11.1360     11.1304     18.5002           0
Au     11.1542     18.4865     18.4063           0
Co     11.1647     11.3045     11.2270           0
Co     11.2789     18.3177     11.3498           0
Au     23.4632     15.1336      9.4225           1
Au     23.6717     14.9973     12.0983           1
Au     23.6242     14.9502     14.8546           1
Au     23.5260     14.9866     17.5576           1
Au     23.4643     14.9709     20.2096           1
Au      6.1792     14.8223      9.5020           1
Au      6.0186     14.8181     12.1836           1
Co      6.2189     14.9175     14.7752           1
Au      6.1022     14.9926     17.3786           1
Co      6.1639     14.9706     19.9387           1
Co      9.4614     23.3431     14.5654           1
Co     12.0039     23.5877     14.5956           1
Au     14.7565     23.8593     14.6948           1
Au     17.6240     23.7951     14.7440           1
Au     20.3916     23.4413     14.7430           1
Co      9.4281      6.2308     14.7358           1
Au     12.0678      5.8502     14.7222           1
Au     14.9388      5.9395     14.7320           1
Au     17.6347      6.0457     14.7785           1
Au     20.2804      6.1724     14.7682           1
Au     15.0230      9.5206     23.5533           1
Co     14.9143     12.0768     23.6279           1
Au     14.9304     14.8852     23.8079           1
Co     14.9212     17.7258     23.5219           1
Co     14.8862     20.2249     23.2546           1
Co     14.8799      9.6120      6.2232           1
Au     14.9293     12.2342      6.0557           1
Au     14.9372     14.9887      6.0733           1
Co     14.8061     17.5685      6.3312           1
Co     14.7230     20.0501      6.4348           1
Au     21.3935     13.6034     21.1496           1
Co     19.0872     12.3011     21.8630           1
Co     16.9818     10.8818     22.6299           1
Co     21.4173     16.2508     21.0504           1
Co     19.3429     14.9057     22.0467           1
Co     17.0634     13.4074     22.9292           1
Co     19.2239     17.6123     21.9043           1
Au     17.1868     16.2814     23.0418           1
Au     17.0855     19.0571     22.7691           1
Au     21.4362     13.6675      8.4555           1
Au     19.2391     12.2775      7.5818           1
Au     17.0692     10.8411      6.8554           1
Co     21.2406     16.2746      8.6393           1
Co     19.1110     14.9950      7.7618           1
Co     17.0339     13.6373      6.9873           1
Au     19.1692     17.5810      7.7700           1
Co     16.9870     16.2658      7.0327           1
Au     16.9383     18.9231      7.0631           1
Au      8.0467     13.5423     21.0458           1
Au     10.2362     12.1043     22.0752           1
Au     12.6956     10.7192     22.9760           1
Au      8.1002     16.2787     20.9854           1
Au     10.2583     14.8946     22.0876           1
Au     12.5382     13.5094     23.0899           1
Au     10.3796     17.6709     21.8788           1
Au     12.5431     16.2968     23.0131           1
Au     12.7229     19.0138     22.7309           1
Co      8.3293     13.6028      8.6456           1
Au     10.3364     12.1749      7.6148           1
Au     12.6758     10.7433      6.7740           1
Au      8.2299     16.2773      8.5232           1
Au     10.4551     14.9275      7.5857           1
Au     12.6622     13.6187      6.6761           1
Co     10.5373     17.6141      7.8134           1
Co     12.7157     16.2808      6.9320           1
Co     12.6943     18.8594      7.0926           1
Co     21.0049     21.2259     13.4407           1
Co     21.7225     19.1835     12.2128           1
Co     22.6456     17.1696     10.8562           1
Co     21.0969     21.3354     16.1090           1
Co     21.7970     19.2462     14.8296           1
Au     22.8292     17.2216     13.4742           1
Co     21.9256     19.2865     17.4142           1
Co     22.7816     17.1590     16.1287           1
Co     22.6998     17.0658     18.9207           1
Co      8.6602     21.2140     13.3374           1
Co      7.8776     19.1340     12.1135           1
Co      7.0584     17.0012     10.8148           1
Au      8.3521     21.4165     15.9859           1
Co      7.7289     19.1838     14.6691           1
Au      6.8816     17.0758     13.4351           1
Co      7.6504     19.1504     17.4037           1
Co      7.0317     17.0760     16.0783           1
Co      6.9542     17.0247     18.6939           1
Au     21.1382      8.2915     13.4409           1
Au     22.0577     10.4548     12.0626           1
Co     22.7921     12.8798     10.6845           1
Au     21.1768      8.2694     16.2338           1
Au     22.1551     10.4462     14.9155           1
Au     23.1059     12.6778     13.4421           1
Co     21.9243     10.5027     17.5682           1
Co     22.8900     12.7548     16.3076           1
Co     22.7428     12.8076     18.9588           1
Co      8.6440      8.3863     13.4397           1
Co      7.8171     10.5968     12.1215           1
Co      6.9851     12.6880     10.8564           1
Au      8.3885      8.1931     16.1380           1
Au      7.5957     10.4620     14.6951           1
Co      7.0123     12.7313     13.3854           1
Co      7.6527     10.4835     17.4903           1
Au      6.7718     12.6887     16.0253           1
Au      6.7181     12.7038     18.8146           1
Co     13.5862     21.0736     21.2935           1
Co     12.1530     21.9274     19.0600           1
Au     10.7567     22.8828     16.8623           1
Co     16.1689     21.0038     21.2995           1
Au     14.8696     22.1462     19.2591           1
Au     13.4707     23.0448     17.0375           1
Au     17.5869     22.0419     19.3251           1
Co     16.1990     22.9193     17.0159           1
Au     18.9784     22.9334     17.0194           1
Au     13.5613      8.5318     21.4908           1
Co     12.1870      7.7273     19.1768           1
Au     10.7245      6.7477     17.0350           1
Co     16.2685      8.6680     21.5025           1
Au     14.8766      7.4409     19.4168           1
Au     13.4673      6.5374     17.1299           1
Au     17.6346      7.6385     19.2895           1
Co     16.3047      6.8001     16.9957           1
Au     18.9642      6.8333     17.0302           1
Co     13.4978     20.8341      8.4332           1
Co     12.1905     21.7681     10.4222           1
Co     10.8058     22.5959     12.5395           1
Co     16.0214     21.0287      8.2831           1
Co     14.7313     21.8871     10.3813           1
Co     13.4214     22.7746     12.4925           1
Au     17.5733     21.9848     10.2432           1
Au     16.1023     22.9779     12.3953           1
Au     19.0310     22.8270     12.4869           1
Co     13.5707      8.6648      8.1646           1
Co     12.1473      7.6916     10.3576           1
Au     10.6940      6.7677     12.5036           1
Au     16.1955      8.5011      8.1055           1
Au     14.8276      7.4239     10.3004           1
Co     13.4477      6.7702     12.5451           1
Au     17.6801      7.6322     10.4780           1
Co     16.3458      6.8172     12.6252           1
Co     18.9255      7.0613     12.7218           1
Au     20.6880     11.2550     19.9738           1
Au     20.7261     18.5660     19.8828           1
Au     19.8634      9.0516     18.5228           1
Au     19.9460     20.7185     18.4207           1
Co     18.4450     10.0094     20.7137           1
Co     18.4110     19.8445     20.5405           1
Au     20.8196     11.2581      9.7256           1
Au     20.6181     18.4541      9.9329           1
Co     19.8130      9.0766     11.3068           1
Co     19.7544     20.5102     11.2965           1
Au     18.6098      9.7998      8.8735           1
Co     18.3977     19.7021      9.1496           1
Au      8.8923     11.1726     19.8376           1
Au      8.8234     18.5434     19.7005           1
Au      9.7800      8.8849     18.4670           1
Au      9.7510     20.8324     18.3280           1
Au     11.1671      9.6814     20.7228           1
Au     11.2115     20.0130     20.6573           1
Au      8.9499     11.3390      9.8546           1
Au      9.0838     18.5022      9.9124           1
Au      9.7233      9.0343     11.1607           1
Co      9.9632     20.5118     11.2958           1
Au     11.1505      9.7917      8.9306           1
Co     11.3478     19.7164      9.2299           1
