0.000000000000000000e+00
9.187931983425549421e-04
1.610365791394316936e-03
2.470553380981384620e-02
3.063318758113924012e-02
4.591361001272161596e-02
5.218150710156137934e-02
5.814150475756872660e-02
6.501640101720014553e-02
7.171059170508482794e-02
7.610065994165457481e-02
8.193324996082257394e-02
8.737150461439881222e-02
9.190154987161604228e-02
9.541093112297746592e-02
9.971804731403700883e-02
1.035774741056410264e-01
1.069736283653548725e-01
1.098188047549764207e-01
1.142402533645852647e-01
1.183849012584613225e-01
1.223115521247883641e-01
1.257435160114332984e-01
1.297642953089907791e-01
1.334086377012171643e-01
1.366001297257346814e-01
1.398605414086939724e-01
1.428222953164372533e-01
1.457194621452278516e-01
1.487301883138078262e-01
1.516828104112767361e-01
1.542699801365420842e-01
1.567560130439824562e-01
1.592562629202110280e-01
1.621245338798943114e-01
1.651606010370697819e-01
1.678684850885647228e-01
1.703620917418238734e-01
1.727907684500360475e-01
1.755220777537221111e-01
1.777400082038422258e-01
1.797062302133560219e-01
1.821558131636524525e-01
1.845428344155312650e-01
1.870304763269799719e-01
1.892530607079880023e-01
1.914281354479512587e-01
1.935921492624939066e-01
1.957682726418455144e-01
1.980379376953962101e-01
2.002550084422625998e-01
2.020225580087650630e-01
2.036985969892397275e-01
2.056372106175991532e-01
2.075562879864903953e-01
2.095820838648151385e-01
2.114577576441025730e-01
2.137289113827424425e-01
2.159908619842220712e-01
2.181514480816635349e-01
2.202567433498586746e-01
2.219108966215863621e-01
2.235774875355579783e-01
2.252574634410777765e-01
2.270322695078346442e-01
2.288590061477729365e-01
2.305900606819348830e-01
2.323124613843811359e-01
2.339651602118561213e-01
2.356789804799153121e-01
2.374087280394933663e-01
2.387837376611577356e-01
2.403143710597521743e-01
2.418353556779603841e-01
2.436895208355890630e-01
2.452261437899739271e-01
2.468612751842717279e-01
2.485808509397542387e-01
2.502245188460147096e-01
2.518766148409579686e-01
2.535406685245447100e-01
2.548961154874058166e-01
2.565375129480249594e-01
2.580883236469853625e-01
2.595882923371227724e-01
2.611190015120052332e-01
2.628215374647311364e-01
2.644138855790426623e-01
2.659643732365876700e-01
2.675273086848246051e-01
2.691487786111518288e-01
2.707752707983192564e-01
2.724709644735030523e-01
2.740109009443161825e-01
2.755753302949940919e-01
2.771427224051544180e-01
2.786427621889146500e-01
2.801099296319084497e-01
2.816213937585126947e-01
2.832182926695770431e-01
2.848964651214638266e-01
